947673
798498
858874
605832
680277
2997
500857
173496
878495
984289
23065
345579
538791
560875
353992
133194
275198
889684
327738
70019
596974
130318
37630
749191
899316
49938
696992
275667
63814
877407
302752
43689
364975
659251
272539
388930
110686
903063
871416
261655
963841
773013
99652
997186
909633
745634
641915
435904
928228
785712
226540
225951
905479
599106
627425
388137
858038
312649
834150
325986
825550
397871
207997
208818
930465
572464
417549
763890
472712
317412
400883
916138
660599
783538
961565
998615
920549
15823
247540
152972
133274
461194
454030
981916
631251
249094
598689
148843
307190
114303
269907
263678
308434
140877
951489
268682
686521
500420
366577
186220
